    unsorted:	 679.2028981 679.2028981 679.2028981 679.2028981 679.2028981 679.2028981 679.2028982 679.2028982 679.2028979 679.2028901 0.7271506116 0.9527799316 0.7551699846 0.3955617309 0.09311629455 3.209366624 3.665979812 9.323255270 22.84813004 679.1876126 71.01602904 230.6846010 193.2163607 278.0913139 293.1417608 136.3053257 518.5174199 880.4974333 946.7982283 981.3961066 1044.254198 1209.428021 1354.916994 1449.748509 1465.423781 1612.989971 1788.394048 1921.163804 1977.205069 2293.981682 2691.612956 2843.406357 3192.223420 3295.511037 3920.317346 4485.047992 5091.091218 5277.154748 6058.416323 6795.645843 10933.46012 12578.96158 15575.95135 43670.16041 48456.51156 51101.69706 1215529.403 8238477.271
      sorted:	 0.09311629455 0.3955617309 0.7271506116 0.7551699846 0.9527799316 3.209366624 3.665979812 9.323255270 22.84813004 71.01602904 136.3053257 193.2163607 230.6846010 278.0913139 293.1417608 518.5174199 679.1876126 679.2028901 679.2028979 679.2028981 679.2028981 679.2028981 679.2028981 679.2028981 679.2028981 679.2028982 679.2028982 880.4974333 946.7982283 981.3961066 1044.254198 1209.428021 1354.916994 1449.748509 1465.423781 1612.989971 1788.394048 1921.163804 1977.205069 2293.981682 2691.612956 2843.406357 3192.223420 3295.511037 3920.317346 4485.047992 5091.091218 5277.154748 6058.416323 6795.645843 10933.46012 12578.96158 15575.95135 43670.16041 48456.51156 51101.69706 1215529.403 8238477.271
